23518
240240
640909
803851
2651726
1548502
7661635
0
635710
147263
767210
19817727
7370376
5862316
18807981
10310492
17584650
838610
13398180
889979
1252846
17991650
20892116
21110386
15551169
37630742
1052790
2793750
20742175
20395498
23696237
1024615
1001707
616038
18435
2074006
7100224
10517389
22598502
22740429
17906313
13147451
38353259
12378690
14234191
295528
7202816
135794
1732639
24731055
4708899
9515893
6141736
18115811
13143567
26328355
626889
13653
9703271
17530471
37921086
38515293
25416477
8730284
11198439
25522512
37297776
24764503
1712246
0
2598345
26654501
41114
6964038
4679549
12274105
37185672
7705920
2531304
38509017
1750380
2499381
26400942
22553335
329113
38434926
0
6130392
67756
9307664
4859408
1360653
38466235
7514485
4382400
0
20060404
428798
16371536
1164990
12306956
5317356
342645
38411703
6590162
200327
2412560
31986301
2370763
21564779
554831
58782
318245
0
38307527
636305
38320938
2264501
6105270
13438934
13559
38405467
21736386
0
2895212
0
3378261
38314472
38002646
3926311
0
678566
348947
2329512
0
38206748
38233647
0
38307814
49684
1886068
13315308
0
1139159
0
0
0
3725836
0
20615356
6870630
6742807
748064
38512765
0
2408161
0
2498547
683148
38026592
0
4955542
0
14605806
38388668
179617
48333
18372785
19702809
19266698
38377230
2973855
0
11439493
1440992
15972531
2841839
9076737
7154123
4953279
0
11599315
38503752
281673
6978184
38401928
0
5117401
0
407719
38384536
0
0
597868
0
1404035
0
38360263
0
0
