10367621
38078319
0
0
0
3152781
579350
0
0
1745037
24937507
0
0
3217821
0
17857827
0
4444677
0
3532775
11362348
0
2153192
0
0
1083108
38350504
752567
0
0
2754410
1343853
1839067
0
38309824
21483663
3082327
2298481
0
0
5650486
4542101
2333226
37705497
0
37878658
1975525
0
2211653
33062490
0
0
7733959
2993978
767373
1364977
12848507
0
0
2764628
1157937
2713133
0
5135903
6357508
0
0
0
1188972
0
0
2554170
0
0
852687
0
4315525
454906
2855734
10394248
1850922
0
329969
0
0
4573424
7065812
0
3376701
5351638
38500227
0
0
0
12433364
0
38422881
8820461
38418433
11957369
0
0
0
0
8773310
38369530
0
0
9993606
0
37475070
219420
4526154
0
0
0
0
2728749
0
0
0
3726371
6271791
4289385
3197225
4021026
640892
8525206
2808077
0
0
0
5068542
0
38439995
296561
38180603
0
15188377
2624534
1167873
38403265
928568
1509533
4309579
0
0
0
5270788
0
11439493
3123551
0
0
344081
25101336
0
0
38137976
14049903
38494072
0
0
11781752
7745319
0
0
2126499
0
2216381
0
0
2395083
0
0
37523212
1026059
0
0
1628163
38470743
38406095
3509616
38486677
38509150
38195366
0
0
0
38322574
0
3981782
0
1356283
38470591
0
4468955
2855199
22880983
905381
