38327864
6089842
38313666
38481251
38172580
5005482
4541367
0
38431206
195517
1030073
5527355
38050643
0
1458146
38495137
3404632
18987873
4750068
8683340
38489175
4126193
0
37657994
0
0
0
0
197622
16528034
0
0
38219370
38232714
390612
38374589
0
24191882
37177864
20384078
0
0
24181197
0
0
38458076
0
4263506
0
5112904
350626
0
205611
1254107
0
6777766
5099197
38491199
2243942
0
0
38337896
0
0
38184826
4335159
11466731
37527073
2595982
1973458
37411285
38460052
38413654
38036339
2253867
8815074
15546387
0
0
0
37747861
5686813
0
5189134
2936975
0
0
38488550
0
0
38317799
2010677
38511512
2827314
5006925
116030
0
38365166
16060356
9051129
9356123
2287316
0
29515829
7969660
10665691
2430519
38414530
25306689
4321174
0
38465986
21263485
1661450
0
30642723
37684289
23428296
38007948
1252986
37824027
1199486
0
37549590
0
0
0
0
0
37357135
37364210
0
