1664923
1240431
746759
0
23150659
38350430
0
964431
38250904
2608430
1780019
78373
4474476
0
0
0
25429979
6010222
0
0
1918859
13235212
3486789
1256176
0
11049854
0
27414198
28329032
379716
0
20986166
0
0
37705489
0
0
0
688970
3208635
0
0
6231174
38345512
10990522
0
5247769
0
0
8896601
0
0
0
1209110
0
3097635
4553076
16003274
360186
1043317
20099029
1140383
9939226
9427784
0
0
38468207
0
4043106
144891
3951353
3388083
0
0
0
0
0
0
37914927
12071918
0
0
1434198
0
0
0
5350250
940854
1469732
0
0
0
0
4659260
0
0
2779939
0
1022750
0
9841975
0
0
0
99667
7577922
0
7024004
1965196
80216
38462246
2025027
20152408
4128968
5110140
1181552
0
685171
0
0
0
0
0
698795
0
0
1704997
3873917
0
2379134
1351461
2844502
0
38244691
3771747
20319782
3510921
38339310
0
38368830
682345
0
26006447
38298795
2298460
0
0
0
2594599
5420630
4763049
0
2637902
6692338
0
0
855049
4691827
0
5582738
1869759
1302208
2690645
1407117
0
0
38358418
0
0
0
18049705
0
6352709
0
38376625
4390913
8914144
3965911
2458296
30883369
1408854
3233811
2061461
3392257
0
16065758
801022
29285083
2734597
1659004
1009358
0
0
2435872
7630146
38454351
1895051
0
535352
0
