4119741
9038412
4430783
19341043
6741221
38478532
11187886
327620
0
0
233081
0
8939965
0
27032498
6410480
0
0
3260428
7234767
10488477
5021442
28411
201512
165928
0
38327681
8072050
0
1530262
38204623
37743493
10779327
0
0
0
5030618
285705
0
523849
0
22195186
38513951
2212781
38501137
27796929
0
26594818
31269282
0
1817081
0
0
381944
2355301
0
16832
0
38327150
0
37612074
10989447
37851044
832486
38293201
38431204
0
38358418
0
1351366
4082416
37653804
0
0
8378942
0
0
29221167
1006058
38254455
0
0
38480269
0
12017628
23275122
17909036
0
4118880
28779799
0
634207
1828872
5779616
38485962
6773446
1402879
0
3125549
25351272
0
723923
2973155
0
0
38515352
5638011
37920525
17735217
29474150
13395940
38483344
0
38195851
18687461
38503642
0
3172746
38463265
8888144
38382640
38056863
0
10298648
0
18692024
12987036
38512007
38175582
1335627
2678220
2574158
38063677
0
2940896
2722879
1913031
523116
5407284
4531174
2667690
1869390
0
0
38302371
0
3843587
370271
3103227
0
1090136
0
37344114
0
0
4963527
38397515
0
37962703
0
833451
0
38119713
12968074
0
2138434
0
0
0
38276176
1384724
0
38506615
6404618
38348719
0
1234174
533416
554819
0
3735847
0
38459569
38392187
38378199
0
0
0
38185857
0
10141256
0
0
0
0
11608052
2348549
38486013
0
38485593
