1050386
878564
443164
325871
5398906
10807265
22309017
950209
1869759
38413569
780067
2458296
26121870
19972386
3201810
3752025
3449760
7976609
2402315
0
3692938
959177
2417094
1544827
2725186
4443035
0
48442
0
0
37972162
335623
0
0
14299956
2430657
38029150
11035556
3496374
1075495
18497400
3825262
4441664
3788769
0
37626866
0
4367286
2029152
0
0
386952
25273210
2958250
356253
412913
2083429
4971173
825711
1699170
38429034
334951
790673
610144
0
1855174
3162825
1685877
0
0
37879413
0
0
9995492
6855214
0
173935
0
6122805
275070
0
37787914
1071720
596190
13282979
0
0
8539378
0
38346165
4248504
0
23870288
1271594
0
72808
22909568
992721
17920017
0
0
37717429
0
2651717
2292109
12227509
0
1804232
0
8400969
3070181
80041
8561099
11618859
0
38065329
708731
0
19773829
2580700
20366775
20420321
9678262
3176616
2676878
0
0
0
0
0
8399043
9933212
0
1655813
3085512
973155
0
0
1306265
24874297
0
1488115
3524823
20057542
0
1023328
11453052
0
0
0
3374406
887678
484337
475905
0
0
0
0
2001886
3335997
8830637
1696966
0
0
38505835
192661
1258247
38438285
0
5117965
4493063
1084338
200622
0
0
1114054
0
0
0
0
0
38051653
38436382
3817868
1518844
2504718
8513310
0
0
38150530
700547
454906
37657972
0
18595039
2613599
38512080
809152
3861881
4752399
