64841
8480849
2182731
878564
6402262
3553014
610050
12017628
7713134
1330772
7727530
18866374
5033860
289486
2725186
24156441
250113
16455587
2267122
24425452
38449715
10690171
20183127
1586160
504642
3245386
8807958
12603397
25840939
3053756
370271
9770935
24973611
3925752
1352087
532814
5253541
38396478
0
15240618
25019536
920516
-1
14240690
2417094
1646342
25027369
1312312
7382009
37887648
24667900
9683829
2738204
16148
37377344
9207235
7679913
24846095
3083994
200018
2426109
4451710
518701
82066
0
4135085
8736785
7429289
20474296
22605920
1720597
1445982
26597489
14999510
9273797
7346939
7141557
853971
26435807
23774201
0
25546215
20064137
8296615
24582988
0
0
5348916
0
462596
5050130
25855052
3523468
112944
0
24077188
3201810
2388521
7142201
26533129
0
2054488
38208723
678781
7611910
3802288
38509681
2921346
5878019
27885662
2576353
27279469
427821
617072
28289445
0
1453875
1951812
0
5580074
38394508
29239016
38343596
9883328
1422217
0
38259762
5588349
70390
0
24257107
959944
672682
2240102
601475
3664648
1073278
0
0
38413569
0
0
5133503
50076
6178724
0
38510244
38400832
13526446
4731457
27388338
2844928
7740582
38494138
0
11247589
89957
1846068
38491177
0
4546559
14291622
8276550
0
26167721
300239
0
1959356
0
0
26706528
12435979
3446377
38152131
4367286
20459758
0
4352080
7013910
3156481
25832575
4164876
188387
19006836
9410037
5508886
0
4541675
0
12553720
14176789
1148361
0
0
0
81090
37872295
2597704
0
0
1664923
1240431
746759
0
23150659
38350430
0
964431
38250904
2608430
1780019
78373
4474476
0
0
0
25429979
6010222
0
0
1918859
13235212
3486789
1256176
0
11049854
0
27414198
28329032
379716
0
20986166
0
0
37705489
0
0
0
688970
3208635
0
0
6231174
38345512
10990522
0
5247769
0
0
0
0
0
0
1209110
0
3097635
4553076
16003274
360186
1043317
20099029
1140383
9939226
9427784
0
0
38468207
0
4043106
144891
3951353
3388083
0
0
0
0
0
0
37914927
12071918
0
0
1434198
