0
38434937
38501837
38377555
0
0
25805775
0
0
6641105
38489583
0
0
38451942
13006621
0
37770423
38316676
38468299
0
0
0
38058347
3140483
26946188
38038770
0
0
1875573
12326082
4566381
0
536106
27152799
7122648
896824
38161565
38394186
5514263
37620186
0
38443093
0
0
6426322
4870675
1515814
0
38352387
793164
1387848
38467094
0
0
0
12454584
5755634
8303418
0
0
0
4575253
0
38431392
6910014
6447652
12796776
1844216
0
560521
25580712
0
0
2736478
20683129
0
38366463
38503355
38100375
569400
5523215
38425929
38000219
37543656
27259577
37577597
4032574
860228
11099529
2801778
0
53074
38125341
9558434
18654543
38086507
38429308
0
20309698
0
1469548
38253448
0
0
0
0
38365733
38212836
0
38512607
3256130
38511433
0
38477748
37837769
38291382
38495137
0
0
38238867
38271500
37726236
0
0
0
0
0
6218382
5180910
13134517
0
29903366
125273
5263676
13505339
5379118
6320462
0
37736974
0
0
0
0
37811832
17582756
18656344
37597305
13358640
28400560
19147425
31422388
0
3160792
0
0
3205414
0
8932581
0
13229816
26427400
0
8500115
0
38074610
0
3977682
0
38098535
1113690
38187877
0
0
0
0
0
8188763
0
0
0
1199486
38296908
37661914
38215926
38410964
38492841
29224910
37362622
0
38192067
38414405
0
759431
0
37357860
38367286
29052259
21886407
0
632430
0
8815074
0
586464
0
0
0
37625328
0
19188223
26258407
0
0
37902833
38341845
38092549
5231949
38226215
1998041
20320912
357782
27267556
1131807
0
21829476
38156055
1203921
0
38437602
18800238
38208184
30439625
0
2780408
38469280
37774179
9793577
37236732
1082545
37225632
37465319
38515788
38516029
