4310730
38249930
12313443
0
2769532
0
3338352
0
22963086
25271811
0
12100129
25780894
0
1348973
37738155
0
0
96631
0
11522638
0
1022750
1292475
38494236
38491199
0
0
38507075
38431676
0
4471156
616289
8942741
0
38382679
26957699
854825
38463621
12603397
3151919
11276755
3910243
38387381
3825978
0
0
0
0
0
38452561
0
38394672
11259266
0
38261662
0
0
0
0
3199133
207704
8288776
38100375
0
3264725
0
0
0
38456490
38384870
1430927
19705000
226002
0
0
0
3667664
17394024
0
148376
0
0
22629371
624584
0
24994725
0
679258
1031889
38514281
5076178
38171386
5477168
12902382
37968085
0
0
1831366
8291898
1364899
0
38054756
414521
2301733
38414890
38516031
1737016
1750380
37177736
227046
38435066
2601502
37312425
37369141
38416046
