1816768
788209
11594651
813402
456626
8295596
18554181
4770502
38160060
2676963
18284561
5277489
0
11820465
395656
2122938
62973
708278
9455806
297656
2144863
20323884
1045598
3022101
38463621
2611721
362257
345361
4526468
13283738
3087659
0
2565497
87021
7551072
2644225
6459446
2061727
1095879
1855506
910619
0
3752342
303896
24137576
618865
0
1944629
0
0
17920101
5527154
5258803
0
4354476
37842159
0
0
4535975
293845
3691360
0
0
0
4637510
1945730
43399
37717429
2989818
38468926
3343494
38420177
0
299155
38373453
0
0
2764652
9414574
787385
16026351
6283888
0
1953347
567498
2327603
1679594
38446880
0
38465179
0
4933696
867134
829778
5968820
0
0
3773078
19328961
0
0
4569111
38505269
3047401
0
5091728
4044031
0
8171037
6680969
38141776
1579184
838836
0
0
762024
1650650
1098815
37890953
0
20955542
9265100
0
38499968
7041115
1635949
38486314
0
38510763
2554724
271575
2269344
628911
0
0
0
1466137
0
6943709
0
17952994
2434647
872541
38063482
1940999
0
5830293
6763480
38100642
0
37912495
38078319
0
4664547
20932936
37889734
399680
0
0
0
3044607
0
1639804
2204326
3291011
2554006
4869510
0
0
0
0
0
38344302
6507092
0
0
3782054
10268
0
0
0
23412725
0
0
10666801
38482691
0
6834601
1632167
478908
0
37913798
0
10674487
0
3520678
0
0
0
0
