37920186
553855
38489608
2005832
38039495
1392740
16236182
38467562
0
0
0
38468516
0
38110846
38273268
0
3314707
4570108
19280314
3250109
0
0
0
2532641
0
0
743979
0
6382657
914204
38514780
0
2299351
538002
38408926
38313741
2086860
37410348
0
0
4267416
0
37204213
38493794
575744
0
38403129
0
37377060
0
9942630
37981770
0
437133
0
38516024
38441168
0
0
38501206
38450847
38021055
38431392
38176007
38430918
3414100
0
13298792
0
38470520
38507957
2251142
0
0
0
0
0
38086529
16587834
37960302
4270812
17521980
10370603
0
0
0
0
0
38088885
37873191
38419505
38516034
0
37803564
37816468
38505551
