0
0
38100168
0
10167636
0
0
0
0
17662271
38417614
0
984233
38274678
0
27649091
0
6799857
6475447
17057335
38513241
38439671
37974298
1349381
0
0
38402168
0
2659181
3763002
38430918
0
0
0
0
0
31670220
11173304
0
2917263
0
38392396
7905933
0
38419340
790665
38500086
38304515
6783844
0
0
2192389
0
8916640
0
0
4402516
18560065
0
0
37784220
0
0
37874230
37575121
38131431
2315037
0
4593545
8071220
5760072
913003
26896332
499666
0
0
38471057
0
1850869
26659935
27564193
5143714
0
2219677
0
0
0
0
0
37234653
37655843
31407539
17425582
0
38000645
37572900
37912579
37624437
37587621
38415388
