149205
22714014
2920119
38135817
12610274
1245453
6234063
0
16677955
196808
1194546
3464811
0
8818707
0
0
3201044
4518769
0
10275432
0
0
1902362
0
37970781
0
0
16358402
59723
0
11717413
0
639380
3474778
0
9197050
0
2685448
0
0
0
6931874
8271536
15858389
2919366
3894038
7620734
7194189
0
38458076
3916117
11385366
37780322
771051
1972052
2707942
38470591
5644238
1878017
5226019
1426735
3178345
22043111
6318038
38352369
772816
404133
0
38164416
0
585506
200434
440750
4690654
0
356339
6212312
359161
4238193
5637676
0
0
882651
2022363
30883369
28171132
38502421
5939491
1904314
5127184
80995
0
0
26811038
12651194
22547678
0
26915745
514235
0
27018253
38103578
24191103
0
15572342
37944531
0
38495462
712450
26936493
5623022
38493318
0
13359983
38500175
185024
16025317
2300082
0
0
1278498
1120772
0
287462
0
38503860
0
0
2440663
38395904
2316600
0
0
8675133
964651
38477077
38417786
885186
38483702
0
0
2380643
38427743
3386404
0
0
0
38452373
0
38494960
0
0
283733
6791354
0
38247729
3675646
0
7639024
26267610
38259555
0
0
23387183
0
22521297
0
5210663
790713
1674101
4698376
1248869
4101374
0
1863002
3073321
2311035
0
28326261
93740
19576523
22000582
0
38507957
38493562
0
2608434
0
1795114
3048169
38207027
38472620
38363081
3981782
37411285
0
4375391
777851
28153210
20541358
