0
38132155
38450393
0
0
2779571
4029405
5154046
0
0
0
0
38335344
7603483
30608981
22079560
860230
3408868
2266096
3998760
38216263
0
1924141
0
34567814
8813799
0
2034571
38441779
3172825
37999511
0
38389061
0
5575571
9501943
0
15373422
38384404
0
0
0
0
0
38508087
6281470
38308983
0
4530679
0
0
0
0
0
38286791
0
38020421
1563876
0
2015796
0
0
0
3731513
6327626
38513378
2153343
0
0
0
38479998
0
37737013
0
38279214
2290893
0
38431774
0
0
0
0
0
5590605
0
0
0
0
0
0
0
38343220
38109493
10769234
0
0
38052632
3277197
0
0
24609304
0
0
0
0
3529519
24078925
13232578
38512851
0
0
0
3976540
38329281
0
38485426
0
2955451
1625692
0
0
38289846
0
38403929
25648980
38281538
38327636
0
1237954
38432945
616156
0
1349381
0
0
0
0
0
0
5476162
0
0
0
0
0
8548403
0
9035849
13383584
38448322
0
754007
0
0
38441966
38153758
23924867
1577975
0
37588729
1729861
1586160
4380958
2740509
15907848
2358671
5511133
3449904
0
0
0
3640405
0
0
3188616
0
0
0
0
27280982
0
38252050
11470368
38294975
0
38509681
0
0
0
6815789
0
38451851
38485835
0
0
37968949
0
37905201
32614977
0
19000970
4102743
0
0
3095475
0
0
29048001
7491019
37769039
38061469
38388556
