41114
671864
608378
3002257
7429289
226002
9779128
13227589
1421541
38509565
2840318
920516
3802444
3985841
2426109
14185706
11671597
1147890
4598868
18175424
38173801
964935
38507172
78549
12364835
8046271
10370603
922527
5691806
3668657
1634688
857610
6180414
12400825
3818146
5135868
0
10119386
332616
241333
8374673
2130153
12197785
23461
19068423
14892
8815074
1584282
10054430
38413568
25003
18556047
9295597
12476647
635710
1258426
3542994
0
4021155
4328379
18215248
59248
1157799
418066
0
3206193
0
1956910
792871
264703
532289
4653106
18112101
2582087
0
137882
0
0
0
10818592
0
0
3049988
0
3599252
693259
10517389
0
8763752
0
0
2943907
1405588
1648357
644648
0
17635
5883317
1410724
0
37644621
20863151
785511
2336352
0
0
535226
37323925
2922672
0
1791459
253236
8171037
808910
8265819
1157793
11826100
2412560
38110240
38512277
31906952
0
38493914
13012590
18075656
0
4930531
270076
3539344
38018273
38503091
0
20573611
5986178
6790410
10071527
828922
0
14951179
593688
0
38369708
4266351
6271357
38005596
0
3212522
1203986
2136082
5381588
0
1180975
0
0
0
4029405
2840259
14402295
0
1238785
1382782
0
38128493
685086
0
0
38287848
6429276
3884398
18605109
26858919
2380218
7930027
0
0
0
0
15215077
0
12876411
0
4663170
10977849
1862702
0
5137551
38428235
0
0
5884823
0
0
2050211
3617880
0
2007315
2335810
16496
14997816
0
0
0
38505293
38461315
0
3130080
16199454
38490231
0
2817532
2629346
637274
0
1709907
38406253
1935298
0
0
0
10163165
3515878
1160899
11711292
0
38314472
8172839
3488270
6575169
38381368
0
0
0
38503008
0
1040967
0
0
1240947
4389793
0
0
0
0
555196
38501811
1700321
8752123
0
38231136
9145024
0
2570393
0
1464590
37729404
0
0
0
10834642
0
4033581
0
0
0
38297836
0
38361836
16998777
451834
4575563
0
38503642
0
33228729
38201283
7944567
0
0
0
2072310
338770
0
0
376013
0
407720
4505098
4105161
0
0
5598338
37811662
0
3201928
3778762
0
0
13653
6194554
0
0
37340778
15927982
0
0
0
38442191
38177442
0
3128605
0
0
13148166
0
0
17411228
12510345
7345434
0
0
38324552
4883466
664447
12356483
0
0
0
10863725
3724991
856271
0
5627606
0
0
6617785
4161361
0
4166847
0
1497112
38286741
8206486
5297434
388142
0
4472419
38500225
38161642
0
0
20924391
9609177
0
37975490
3316822
38146624
0
3248774
0
38318543
0
7621370
8686458
10486953
981799
2574158
0
288979
0
38450275
0
38377824
0
0
0
0
7830002
0
300534
38478532
0
1191076
7984599
38321714
7791283
5399594
0
0
38281525
0
5247642
0
38107559
4441098
0
0
1869262
0
38197989
0
22113810
0
0
0
2672885
0
38490028
0
0
38462246
0
38160584
0
0
38465159
38507154
0
658399
0
0
38391644
0
0
3172746
7795165
38489777
37824553
0
0
38285779
0
0
2373032
2669374
17755452
0
0
13355735
6049892
3963158
8771773
0
0
0
0
11900675
37901490
0
2378521
38513907
6622322
0
38397837
0
2458315
0
0
0
38502225
6390590
38378199
0
0
0
0
0
0
0
13310523
34426988
0
38044745
38445154
6014934
4571715
1255727
38503101
1759115
2257761
1130414
38291699
3963210
0
0
0
0
2362585
2155612
4215889
5936237
0
5025484
0
1902071
5475020
37688945
22950406
0
9709182
0
2676043
0
37420805
37813142
0
6281232
5882959
38501837
0
0
38176509
38367454
0
896854
0
38275555
320780
0
8087390
7112548
0
38494960
0
0
38444977
0
38387905
0
862316
1404400
17601585
0
0
0
765782
38508858
0
5962044
3571399
0
0
37650279
0
6350886
38414636
2048652
302967
0
6946599
38159227
0
0
38371613
0
10513744
5622384
38234570
3956313
1586874
7547453
0
0
0
0
7327416
7462941
1604324
0
10433166
19462836
38122988
37409517
367392
38031841
4702737
0
38431392
38337612
6752553
38233647
1558280
38420214
4742316
0
0
0
2227956
38390091
38513241
38334987
5778905
0
26712745
38445488
29139008
37963067
6666119
1139973
0
0
0
37926810
38432945
0
38149378
0
0
0
0
0
0
37502144
38443093
0
0
0
4897520
38357390
0
0
0
38439995
38093415
0
0
0
10592522
3197940
38516036
0
0
1750380
0
38491199
38506133
0
0
0
38098254
0
38475216
37900330
508059
9369758
0
1084338
0
0
38394402
13188666
2550007
16461293
34321037
38487441
0
0
37468344
5270071
0
0
38508068
477139
38397439
0
0
845389
8435523
118219
37312484
9174948
0
38132193
38117180
15553880
0
878935
7174166
0
0
0
2440670
2843680
38220498
37444938
0
0
0
38440325
0
20006467
971134
38392063
0
0
0
10167636
0
0
0
38284728
0
38494644
0
0
1687666
3214511
308540
1311767
0
0
21483145
38510965
0
260099
37452689
8473054
31596104
0
23538077
27549636
7787366
0
0
38131097
0
38436886
21477066
0
0
0
37957381
0
6590162
0
38332481
0
37315680
0
0
0
0
37758728
504642
9770935
0
1159338
37769323
38221631
15936155
11732632
0
0
0
0
25993907
0
0
0
37626866
0
0
37702671
37985114
37490882
38009646
0
0
38069661
38147591
38516024
38355776
38416046
38511645
38482999
38444754
5908037
