608378
1735691
920516
7515671
2700410
4735534
1684420
3947458
12082263
16062127
18329853
12521132
1170491
12505124
26683047
854229
24659028
97742
24004716
462698
39264
25675112
8782200
178969
632726
37968832
11386755
19429991
25702134
8219631
398450
2753554
27523950
24261902
21428152
25880071
4278752
7572120
2136972
37651844
0
24905118
3814364
7806460
1922334
2316625
10899872
4483531
5042849
4930977
24213598
360691
2033280
11070102
3347773
38158740
17973242
38451030
8474263
25859928
22756927
0
0
37350636
25818366
22862223
0
2114757
37677121
12344929
12213549
443794
25322614
2131695
4899126
38020865
0
8226012
0
0
0
7073927
8665886
1781454
750870
8044590
18689988
4029929
7098174
0
479913
5248471
944679
9011683
3249390
0
0
966414
2502793
1371433
75498
0
0
6079695
37512276
6459446
3588358
0
6307054
345465
0
0
0
0
0
1529414
0
15238630
0
0
24689696
2332982
0
7393846
15057708
58999
3885508
2159529
2701314
0
547029
2538398
6743184
1610205
0
0
0
2865896
0
0
27650025
0
0
0
0
0
3649710
7192091
38069788
4926672
5963985
2972779
0
0
0
0
27750697
1313016
0
2085575
0
3699172
4589129
12543723
0
5133779
26116960
0
2990954
2221369
23415447
0
4535646
0
4009098
0
3227136
0
458778
0
7490649
0
10210480
2997794
13093818
9267683
37824027
0
12676451
4514557
38320098
38124167
0
0
38030470
6699576
5624269
0
0
0
149205
22714014
2920119
38135817
12610274
1245453
6234063
0
16677955
196808
1194546
3464811
0
8818707
0
0
3201044
4518769
0
10275432
0
0
1902362
0
37970781
0
0
16358402
59723
0
11717413
0
639380
3474778
0
9197050
0
2685448
0
0
0
6931874
8271536
15858389
2919366
3894038
7620734
7194189
0
38458076
3916117
11385366
37780322
771051
1972052
2707942
38470591
5644238
1878017
5226019
1426735
3178345
22043111
6318038
38352369
772816
404133
0
38164416
0
585506
200434
440750
4690654
0
356339
6212312
359161
4238193
5637676
0
0
882651
2022363
30883369
28171132
38502421
5939491
1904314
5127184
80995
0
0
26811038
12651194
22547678
0
26915745
514235
0
27018253
38103578
24191103
0
15572342
37944531
0
38495462
712450
26936493
5623022
38493318
0
13359983
38500175
185024
16025317
2300082
0
0
1278498
1120772
0
287462
0
38503860
0
0
2440663
38395904
2316600
0
0
8675133
964651
38477077
38417786
885186
38483702
0
0
2380643
38427743
3386404
0
0
0
38452373
0
38494960
0
0
283733
6791354
0
38247729
3675646
0
7639024
26267610
38259555
0
0
23387183
0
22521297
0
5210663
790713
1674101
4698376
1248869
4101374
0
1863002
3073321
2311035
0
28326261
93740
19576523
22000582
0
38507957
38493562
0
2608434
0
1795114
3048169
38207027
38472620
38363081
3981782
37411285
0
4375391
777851
28153210
20541358
4310730
38249930
12313443
0
2769532
0
3338352
0
22963086
25271811
0
12100129
25780894
0
1348973
37738155
0
0
96631
0
11522638
0
1022750
1292475
38494236
38491199
0
0
38507075
38431676
0
4471156
616289
8942741
0
38382679
26957699
854825
38463621
12603397
3151919
11276755
3910243
38387381
3825978
0
0
0
0
0
38452561
0
38394672
11259266
0
38261662
0
0
0
0
3199133
207704
8288776
38100375
0
3264725
0
0
0
38456490
38384870
1430927
19705000
226002
0
0
0
3667664
17394024
0
148376
0
0
22629371
624584
0
24994725
0
679258
1031889
38514281
5076178
38171386
5477168
12902382
37968085
0
0
1831366
8291898
1364899
0
38054756
414521
2301733
38414890
38516031
1737016
1750380
37177736
227046
38435066
2601502
37312425
37369141
38416046
