64841
8480849
2182731
878564
6402262
3553014
610050
12017628
7713134
1330772
7727530
18866374
5033860
289486
2725186
24156441
250113
16455587
2267122
24425452
38449715
10690171
20183127
1586160
504642
3245386
8807958
12603397
25840939
3053756
370271
9770935
24973611
3925752
1352087
532814
5253541
38396478
0
15240618
25019536
920516
-1
14240690
2417094
1646342
25027369
1312312
7382009
37887648
24667900
9683829
2738204
16148
37377344
9207235
7679913
24846095
3083994
200018
2426109
4451710
518701
82066
0
4135085
8736785
7429289
20474296
22605920
1720597
1445982
26597489
14999510
9273797
7346939
7141557
853971
26435807
23774201
0
25546215
20064137
8296615
24582988
0
0
5348916
0
462596
5050130
25855052
3523468
112944
0
24077188
3201810
2388521
7142201
26533129
0
2054488
38208723
678781
7611910
3802288
38509681
2921346
5878019
27885662
2576353
27279469
427821
617072
28289445
0
1453875
1951812
0
5580074
38394508
29239016
38343596
9883328
1422217
0
38259762
5588349
70390
0
24257107
959944
672682
2240102
601475
3664648
1073278
0
0
38413569
0
0
5133503
50076
6178724
0
38510244
38400832
13526446
4731457
27388338
2844928
7740582
38494138
0
11247589
89957
1846068
38491177
0
4546559
14291622
8276550
0
26167721
300239
0
1959356
0
0
26706528
12435979
3446377
38152131
4367286
20459758
0
4352080
7013910
3156481
25832575
4164876
188387
19006836
9410037
5508886
0
4541675
0
12553720
14176789
1148361
0
0
0
81090
37872295
2597704
0
0
1664923
1240431
746759
0
23150659
38350430
0
964431
38250904
2608430
1780019
78373
4474476
0
0
0
25429979
6010222
0
0
1918859
13235212
3486789
1256176
0
11049854
0
27414198
28329032
379716
0
20986166
0
0
37705489
0
0
0
688970
3208635
0
0
6231174
38345512
10990522
0
5247769
0
0
8896601
0
0
0
1209110
0
3097635
4553076
16003274
360186
1043317
20099029
1140383
9939226
9427784
0
0
38468207
0
4043106
144891
3951353
3388083
0
0
0
0
0
0
37914927
12071918
0
0
1434198
0
0
0
5350250
940854
1469732
0
0
0
0
4659260
0
0
2779939
0
1022750
0
9841975
0
0
0
99667
7577922
0
7024004
1965196
80216
38462246
2025027
20152408
4128968
5110140
1181552
0
685171
0
0
0
0
0
698795
0
0
1704997
3873917
0
2379134
1351461
2844502
0
38244691
3771747
20319782
3510921
38339310
0
38368830
682345
0
26006447
38298795
2298460
0
0
0
2594599
5420630
4763049
0
2637902
6692338
0
0
855049
4691827
0
5582738
1869759
1302208
2690645
1407117
0
0
38358418
0
0
0
18049705
0
6352709
0
38376625
4390913
8914144
3965911
2458296
30883369
1408854
3233811
2061461
3392257
0
16065758
801022
29285083
2734597
1659004
1009358
0
0
2435872
7630146
38454351
1895051
0
535352
0
0
2776315
5479695
37972162
0
38201760
0
6897445
2805044
0
22497690
3618545
38301630
38360140
4067589
3172492
0
38279740
0
6744254
0
3688871
5362185
0
38343998
38279873
3058808
38113034
9516615
1288337
0
5546007
0
641161
2067548
38021055
0
0
1361085
0
1512608
0
3951922
38073864
0
37823608
5298364
3476999
0
0
3675760
2281561
4148342
0
2084725
11992665
38495742
38370708
13232578
1125989
2602846
0
3568907
3640405
38506088
38271911
38445299
0
8330989
38394074
523471
0
3430343
38427642
0
0
4825652
0
0
29671076
0
0
38427743
0
0
37806373
0
0
0
38499627
38069841
0
1649470
0
38469306
1424590
6327474
9941958
0
1157940
10235623
38495311
0
38384011
0
38276825
0
38458735
0
38039524
0
3385033
0
0
1547417
0
0
0
0
0
38434210
3691210
38207853
0
37209724
12064890
0
0
15217172
0
0
2811999
0
0
0
0
38386667
38494072
0
3667560
1693012
0
38452959
0
0
5166416
0
38316676
0
2908796
0
0
38468299
3961061
24205334
38511433
38175582
0
13679273
0
0
0
0
5186288
0
0
10962573
0
0
13131238
0
38432754
0
4093659
2095377
1888890
38272208
38487817
4049061
0
38434872
38460576
3225108
20519140
38086039
26252833
521400
38460278
5017871
14222069
0
0
38110651
0
0
0
38289846
5547424
0
38425380
38327864
6089842
38313666
38481251
38172580
5005482
4541367
0
38431206
195517
1030073
5527355
38050643
0
1458146
38495137
3404632
18987873
4750068
8683340
38489175
4126193
0
37657994
0
0
0
0
197622
16528034
0
0
38219370
38232714
390612
38374589
0
24191882
37177864
20384078
0
0
24181197
0
0
38458076
0
4263506
0
5112904
350626
0
205611
1254107
0
6777766
5099197
38491199
2243942
0
0
38337896
0
0
38184826
4335159
11466731
37527073
2595982
1973458
37411285
38460052
38413654
38036339
2253867
8815074
15546387
0
0
0
37747861
5686813
0
5189134
2936975
0
0
38488550
0
0
38317799
2010677
38511512
2827314
5006925
116030
0
38365166
16060356
9051129
9356123
2287316
0
29515829
7969660
10665691
2430519
38414530
25306689
4321174
0
38465986
21263485
1661450
0
30642723
37684289
23428296
38007948
1252986
37824027
1199486
0
37549590
0
0
0
0
0
37357135
37364210
0
