1050386
878564
443164
325871
5398906
10807265
22309017
950209
1869759
38413569
780067
2458296
26121870
19972386
3201810
3752025
3449760
7976609
2402315
0
3692938
959177
2417094
1544827
2725186
4443035
0
48442
0
0
37972162
335623
0
0
14299956
2430657
38029150
11035556
3496374
1075495
18497400
3825262
4441664
3788769
0
37626866
0
4367286
2029152
0
0
386952
25273210
2958250
356253
412913
2083429
4971173
825711
1699170
38429034
334951
790673
610144
0
1855174
3162825
1685877
0
0
37879413
0
0
9995492
6855214
0
173935
0
6122805
275070
0
37787914
1071720
596190
13282979
0
0
8539378
0
38346165
4248504
0
23870288
1271594
0
72808
22909568
992721
17920017
0
0
37717429
0
2651717
2292109
12227509
0
1804232
0
8400969
3070181
80041
8561099
11618859
0
38065329
708731
0
19773829
2580700
20366775
20420321
9678262
3176616
2676878
0
0
0
0
0
8399043
9933212
0
1655813
3085512
973155
0
0
1306265
24874297
0
1488115
3524823
20057542
0
1023328
11453052
0
0
0
3374406
887678
484337
475905
0
0
0
0
2001886
3335997
8830637
1696966
0
0
38505835
192661
1258247
38438285
0
5117965
4493063
1084338
200622
0
0
1114054
0
0
0
0
0
38051653
38436382
3817868
1518844
2504718
8513310
0
0
38150530
700547
454906
37657972
0
18595039
2613599
38512080
809152
3861881
4752399
2926323
3075976
0
809232
3879962
38140560
0
0
0
0
0
0
4749742
0
0
0
4513983
2848944
0
25108967
3580255
4095077
0
1648835
38414658
2203713
1502998
0
0
917625
0
0
3044894
1227448
38136280
0
0
0
0
1023054
6617555
38441792
3041233
1587050
1927423
2079773
2424824
0
5449065
37975189
0
0
5262446
19718390
26527353
400265
0
0
38454351
0
1505284
38498955
3129369
37083344
0
38503390
0
0
1555306
2144235
0
3095366
0
1445982
7650880
1623328
0
3832388
38408358
12659305
0
490420
4478695
0
38197927
5297434
4021026
0
5361693
0
38104245
1361085
275903
326672
0
38434988
6997824
1434854
0
0
38334060
13935608
1581952
3556516
0
38436120
38448702
20078536
0
1724027
0
2920754
0
12376492
3780004
0
2129642
0
0
2723731
0
4994235
0
0
3482556
2251061
38499296
0
4035698
0
4603064
0
0
0
5547154
38497754
38495478
0
0
0
0
0
4019942
0
0
0
4081624
38479574
575713
38489588
1066670
5463476
0
0
0
38220689
6766494
10705183
0
38391644
6378983
7301043
1021707
15526947
4078888
0
0
38400921
0
37847348
38403265
628323
0
3547507
2493972
8540389
0
3195966
2769952
38295964
0
0
38439995
603975
25351272
4754036
0
3859316
233473
1766290
0
2829932
149649
0
5497917
3031197
0
0
1607710
4706803
0
38132155
38450393
0
0
2779571
4029405
5154046
0
0
0
0
38335344
7603483
30608981
22079560
860230
3408868
2266096
3998760
38216263
0
1924141
0
34567814
8813799
0
2034571
38441779
3172825
37999511
0
38389061
0
5575571
9501943
0
15373422
38384404
0
0
0
0
0
38508087
6281470
38308983
0
4530679
0
0
0
0
0
38286791
0
38020421
1563876
0
2015796
0
0
0
3731513
6327626
38513378
2153343
0
0
0
38479998
0
37737013
0
38279214
2290893
0
38431774
0
0
0
0
0
5590605
0
0
0
0
0
0
0
38343220
38109493
10769234
0
0
38052632
3277197
0
0
24609304
0
0
0
0
3529519
24078925
13232578
38512851
0
0
0
3976540
38329281
0
38485426
0
2955451
1625692
0
0
38289846
0
38403929
25648980
38281538
38327636
0
1237954
38432945
616156
0
1349381
0
0
0
0
0
0
5476162
0
0
0
0
0
8548403
0
9035849
13383584
38448322
0
754007
0
0
38441966
38153758
23924867
1577975
0
37588729
1729861
1586160
4380958
2740509
15907848
2358671
5511133
3449904
0
0
0
3640405
0
0
3188616
0
0
0
0
27280982
0
38252050
11470368
38294975
0
38509681
0
0
0
6815789
0
38451851
38485835
0
0
37968949
0
37905201
32614977
0
19000970
4102743
0
0
3095475
0
0
29048001
7491019
37769039
38061469
38388556
