3875390
1733712
3392339
10560565
77656
238379
5090770
704415
27236
481394
10286408
2807016
20580848
1045598
6561644
33192998
548844
38152587
8206275
4570108
13476708
2038179
3911447
2796185
5148196
667374
6571166
14607329
3277913
8474481
0
9307867
59165
243210
889519
971941
1860616
1414255
1002776
0
11453982
0
0
857610
3680587
38275976
763856
38153747
4637974
6689373
37895026
9532624
38435149
586926
26406396
816063
38347514
38494733
0
26803368
0
7631019
1331412
0
0
3289104
10030715
0
0
31924
2029881
10255730
0
1863859
3885488
153518
20172268
656413
6746075
38440840
0
170657
20058147
1842237
6189015
26733571
2674435
8475401
1336077
254226
38481853
6938733
0
13616005
4640407
0
8745443
23126901
2042810
0
811707
320901
0
11418969
0
8620766
6111745
21813989
1452635
0
38467424
0
0
1645855
0
1948635
483595
9903021
37902197
1911928
38126037
7580345
502193
29151993
576994
38185937
3693009
3440568
38473929
1818403
0
916614
0
4241715
37869107
0
12330961
6652583
0
943782
3112797
13131238
144962
38371613
38310799
0
0
0
8014254
0
9616809
7073927
5645736
298551
3618492
8841474
29174477
0
4982312
0
1826120
871581
512790
38339843
12756424
5185874
0
0
1760552
6711148
0
0
5994062
0
1522932
0
0
37745925
0
2972779
26314220
1254107
864655
38401802
25096945
1430133
9998821
281627
8022927
150896
10122496
29408529
9461847
21503692
37644540
638571
0
1095879
610406
112241
784742
37627756
22523813
0
0
0
0
38100642
21192974
1399592
0
0
30750709
0
0
38128303
38158116
242077
38454859
20323884
4409144
152364
781807
0
0
3469423
37922802
528715
0
3473353
27505520
37136799
32239771
9369740
8513158
4285596
37433123
37719931
33293103
37830428
5351387
11504177
22083478
37286004
7813272
