320999
8488837
4857316
5964033
0
2784185
3963650
18808251
9439942
1140060
1814914
3596998
3432503
38084471
12931168
124912
38395904
189048
13683793
398450
0
1809069
16100869
681764
4454384
1185101
2380346
0
1137301
3215750
37542384
0
2681625
0
0
38363559
80566
958196
0
3112548
802577
0
22003
4124663
321832
12615
1788865
1059311
11245924
0
38020865
1356939
429077
2820789
38259804
0
2574158
3134762
0
262862
4204466
0
9497536
1641381
1273720
3077419
0
0
4159569
0
38406861
4150616
1600098
545890
226214
275070
2031865
7131557
0
8097863
0
1963581
2210844
291177
1829982
0
1876656
839266
0
2264357
6820686
395510
16548453
4094393
6063371
0
38208325
0
0
0
0
692706
772816
2378534
2159969
0
0
1192862
0
10507468
545139
623815
0
1683999
37876759
0
38138402
4680158
2361253
0
0
0
3049286
634305
38133569
0
2696876
1094430
0
3223596
38276462
1391236
12299659
671453
0
0
0
1399776
6294572
5127881
38041689
38511225
0
1119144
0
0
0
3431270
365193
38409850
37749424
0
0
3479850
7998651
6096639
1047926
0
2741118
37985507
1859467
38309320
0
0
4910922
198151
38231661
889214
1854656
8903251
0
19343046
2467478
0
374803
0
0
349836
1676835
0
0
38463356
1010281
3833290
4780478
9898884
38204315
1736641
5195861
2958279
0
0
2410981
37908114
378170
0
4892885
1904314
38505269
1878017
10367621
38078319
0
0
0
3152781
579350
0
0
1745037
24937507
0
0
3217821
0
17857827
0
4444677
0
3532775
11362348
0
2153192
0
0
1083108
38350504
752567
0
0
2754410
1343853
1839067
0
38309824
21483663
3082327
2298481
0
0
5650486
4542101
2333226
37705497
0
37878658
1975525
0
2211653
33062490
0
0
7733959
2993978
767373
1364977
12848507
0
0
2764628
1157937
2713133
0
5135903
6357508
0
0
0
1188972
0
0
2554170
0
0
852687
0
4315525
454906
2855734
10394248
1850922
0
329969
0
0
4573424
7065812
0
3376701
5351638
38500227
0
0
0
12433364
0
38422881
8820461
38418433
11957369
0
0
0
0
8773310
38369530
0
0
9993606
0
37475070
219420
4526154
0
0
0
0
2728749
0
0
0
3726371
6271791
4289385
3197225
4021026
640892
8525206
2808077
0
0
0
5068542
0
38439995
296561
38180603
0
15188377
2624534
1167873
38403265
928568
1509533
4309579
0
0
0
5270788
0
11439493
3123551
0
0
344081
25101336
0
0
38137976
14049903
38494072
0
0
11781752
7745319
0
0
2126499
0
2216381
0
0
2395083
0
0
37523212
1026059
0
0
1628163
38470743
38406095
3509616
38486677
38509150
38195366
0
0
0
38322574
0
3981782
0
1356283
38470591
0
4468955
2855199
22880983
905381
0
0
38100168
0
10167636
0
0
0
0
17662271
38417614
0
984233
38274678
0
27649091
0
6799857
6475447
17057335
38513241
38439671
37974298
1349381
0
0
38402168
0
2659181
3763002
38430918
0
0
0
0
0
31670220
11173304
0
2917263
0
38392396
7905933
0
38419340
790665
38500086
38304515
6783844
0
0
2192389
0
8916640
0
0
4402516
18560065
0
0
37784220
0
0
37874230
37575121
38131431
2315037
0
4593545
8071220
5760072
913003
26896332
499666
0
0
38471057
0
1850869
26659935
27564193
5143714
0
2219677
0
0
0
0
0
37234653
37655843
31407539
17425582
0
38000645
37572900
37912579
37624437
37587621
38415388
