23518
240240
640909
803851
2651726
1548502
7661635
0
635710
147263
767210
19817727
7370376
5862316
18807981
10310492
17584650
838610
13398180
889979
1252846
17991650
20892116
21110386
15551169
37630742
1052790
2793750
20742175
20395498
23696237
1024615
1001707
616038
18435
2074006
7100224
10517389
22598502
22740429
17906313
13147451
38353259
12378690
14234191
295528
7202816
135794
1732639
24731055
4708899
9515893
6141736
18115811
13143567
26328355
626889
13653
9703271
17530471
37921086
38515293
25416477
8730284
11198439
25522512
37297776
24764503
1712246
0
2598345
26654501
41114
6964038
4679549
12274105
37185672
7705920
2531304
38509017
1750380
2499381
26400942
22553335
329113
38434926
0
6130392
67756
9307664
4859408
1360653
38466235
7514485
4382400
0
20060404
428798
16371536
1164990
12306956
5317356
342645
38411703
6590162
200327
2412560
31986301
2370763
21564779
554831
58782
318245
0
38307527
636305
38320938
2264501
6105270
13438934
13559
38405467
21736386
0
2895212
0
3378261
38314472
38002646
3926311
0
678566
348947
2329512
0
38206748
38233647
0
38307814
49684
1886068
13315308
0
1139159
0
0
0
3725836
0
20615356
6870630
6742807
748064
38512765
0
2408161
0
2498547
683148
38026592
0
4955542
0
14605806
38388668
179617
48333
18372785
19702809
19266698
38377230
2973855
0
11439493
1440992
15972531
2841839
9076737
7154123
4953279
0
11599315
38503752
281673
6978184
38401928
0
5117401
0
407719
38384536
0
0
597868
0
1404035
0
38360263
0
0
4119741
9038412
4430783
19341043
6741221
38478532
11187886
327620
0
0
233081
0
8939965
0
27032498
6410480
0
0
3260428
7234767
10488477
5021442
28411
201512
165928
0
38327681
8072050
0
1530262
38204623
37743493
10779327
0
0
0
5030618
285705
0
523849
0
22195186
38513951
2212781
38501137
27796929
0
26594818
31269282
0
1817081
0
0
381944
2355301
0
16832
0
38327150
0
37612074
10989447
37851044
832486
38293201
38431204
0
38358418
0
1351366
4082416
37653804
0
0
8378942
0
0
29221167
1006058
38254455
0
0
38480269
0
12017628
23275122
17909036
0
4118880
28779799
0
634207
1828872
5779616
38485962
6773446
1402879
0
3125549
25351272
0
723923
2973155
0
0
38515352
5638011
37920525
17735217
29474150
13395940
38483344
0
38195851
18687461
38503642
0
3172746
38463265
8888144
38382640
38056863
0
10298648
0
18692024
12987036
38512007
38175582
1335627
2678220
2574158
38063677
0
2940896
2722879
1913031
523116
5407284
4531174
2667690
1869390
0
0
38302371
0
3843587
370271
3103227
0
1090136
0
37344114
0
0
4963527
38397515
0
37962703
0
833451
0
38119713
12968074
0
2138434
0
0
0
38276176
1384724
0
38506615
6404618
38348719
0
1234174
533416
554819
0
3735847
0
38459569
38392187
38378199
0
0
0
38185857
0
10141256
0
0
0
0
11608052
2348549
38486013
0
38485593
0
38434937
38501837
38377555
0
0
25805775
0
0
6641105
38489583
0
0
38451942
13006621
0
37770423
38316676
38468299
0
0
0
38058347
3140483
26946188
38038770
0
0
1875573
12326082
4566381
0
536106
27152799
7122648
896824
38161565
38394186
5514263
37620186
0
38443093
0
0
6426322
4870675
1515814
0
38352387
793164
1387848
38467094
0
0
0
12454584
5755634
8303418
0
0
0
4575253
0
38431392
6910014
6447652
12796776
1844216
0
560521
25580712
0
0
2736478
20683129
0
38366463
38503355
38100375
569400
5523215
38425929
38000219
37543656
27259577
37577597
4032574
860228
11099529
2801778
0
53074
38125341
9558434
18654543
38086507
38429308
0
20309698
0
1469548
38253448
0
0
0
0
38365733
38212836
0
38512607
3256130
38511433
0
38477748
37837769
38291382
38495137
0
0
38238867
38271500
37726236
0
0
0
0
0
6218382
5180910
13134517
0
29903366
125273
5263676
13505339
5379118
6320462
0
37736974
0
0
0
0
37811832
17582756
18656344
37597305
13358640
28400560
19147425
31422388
0
3160792
0
0
3205414
0
8932581
0
13229816
26427400
0
8500115
0
38074610
0
3977682
0
38098535
1113690
38187877
0
0
0
0
0
8188763
0
0
0
1199486
38296908
37661914
38215926
38410964
38492841
29224910
37362622
0
38192067
38414405
0
759431
0
37357860
38367286
29052259
21886407
0
632430
0
8815074
0
586464
0
0
0
37625328
0
19188223
26258407
0
0
37902833
38341845
38092549
5231949
38226215
1998041
20320912
357782
27267556
1131807
0
21829476
38156055
1203921
0
38437602
18800238
38208184
30439625
0
2780408
38469280
37774179
9793577
37236732
1082545
37225632
37465319
38515788
38516029
