1082129
1443621
5650811
290888
206224
4711997
9405364
147467
1482907
1698553
1402266
15711057
356054
904646
15741696
3377599
1849100
13085542
104036
1042113
14090930
20025627
948302
35467
1727959
6746075
37861264
1807883
8240759
77656
38225918
10542285
6399960
38441158
38038115
19437871
1501039
1086170
190210
4850177
586043
0
135034
5227846
778094
30217639
0
19310186
6251927
2154685
1994443
6698870
604320
219427
6980333
781204
857168
1840186
44603
38026467
368897
3120000
0
4226791
16474403
19508421
7913985
432551
3452511
5473021
383406
0
3186276
3524062
855245
25397
3671889
38834
0
0
17425
207236
1845145
331145
1684979
1883650
37407199
1115522
2850990
2024006
5196171
37552772
4016812
20921497
3127470
592332
5298105
38496764
972577
12212547
1362950
2362244
18917021
0
0
0
20058821
349821
1583942
8442959
179494
2173364
0
12238343
0
1676673
17018235
5666242
6102554
406431
1855701
1023172
605541
0
12617613
0
0
0
140479
37564545
373835
37249672
4583047
5500481
286118
0
12739618
19862439
848048
0
2439814
0
1360682
6529247
1563347
974647
79498
5658473
16423231
37258533
11625091
0
1497451
0
1574402
20501860
4227528
7521620
5142359
134806
852598
5539763
38362162
0
1167434
387441
479424
0
25954240
0
1350977
800976
0
38131585
3489709
0
1158540
0
5741728
0
0
0
0
0
87021
618034
0
1059455
643050
0
13086669
13095334
11672690
0
38224746
0
719906
0
37963865
0
740683
38507491
3894553
1705087
1991470
0
0
12600522
13186385
0
4066405
2533952
0
12256994
267024
14786854
2342393
523517
2824061
0
4456761
11080626
6398674
4363287
38252933
1485087
16569180
11998314
0
717727
38342246
8370333
2400105
