3059556
911901
48046
38385556
37993215
0
38484797
0
8671881
0
19038948
931235
10235148
603078
19491711
0
678566
4558548
0
38474652
2909994
38303396
0
0
0
38268411
0
2218806
0
125273
0
17044943
2730103
27063046
28779860
3612525
263809
38227162
146226
2289016
38465260
25888547
5298602
29820689
6973459
0
0
38321867
0
0
38224255
38132193
38147635
0
26427400
12410266
0
0
19403
0
24902196
21062947
3925288
0
0
38114088
1211747
0
0
0
7312844
7387148
8096294
7848732
0
8399470
7512293
26370627
774437
0
11571964
0
360507
3216593
8241255
0
9207742
0
0
8074762
0
0
25991757
785363
28411
38504634
29224910
22844793
3080762
37653804
23938441
28944477
5760028
11049515
24855355
29183732
879717
5664514
0
37673443
2438721
21019794
1625859
13093088
0
38492675
3583886
36721
13074829
640909
0
38457276
38371574
0
11836414
26730
2920946
0
27561171
0
0
0
0
0
0
38327681
0
31666230
0
0
0
0
6591650
37991430
0
0
2455908
429344
30412465
12765144
37453003
0
0
37437990
920050
38108621
0
30054337
7864358
0
0
947664
0
0
4222065
0
9788647
0
0
0
33454888
37412205
13420130
6856395
38516036
37221480
5934911
7429289
475651
38159532
37782300
37636385
38246951
38490824
38516029
