38490497
38503837
1623275
58294
0
1684979
3214240
2569321
0
20876281
38467654
629435
0
0
0
0
0
8634064
0
0
0
1203632
0
0
0
0
0
0
5041489
5827642
0
0
839723
37913430
0
0
3597402
5986178
0
0
0
2291695
20523461
0
1694942
0
259004
0
0
0
38447665
1184808
0
37543627
0
0
2831804
38495082
359262
1137812
0
38158906
0
10533039
4011925
38313992
1147077
0
6329599
0
0
38413004
3473477
38462502
0
122710
0
0
0
0
0
2376489
2322910
3402396
6165844
1812515
6381727
0
0
0
0
2793803
1458050
2277018
0
0
0
3935203
8716927
0
3785483
0
37536102
0
7455204
0
0
1553480
18467980
0
367392
0
658399
0
0
0
0
0
3201073
37605849
17690964
38486444
4192431
0
38428851
10306916
10369184
0
1434198
812292
3941286
37302057
0
0
7795165
0
3170514
0
0
38445154
0
0
37811773
14306
17445819
16430731
0
4692653
0
38344182
0
0
0
0
2359362
11323452
22948272
849086
842114
0
1001573
3766194
3834404
38502225
27788
0
0
6444513
0
38293429
3963158
0
0
17358433
0
0
0
3280853
2594599
2471970
0
0
3876322
0
1408591
3125278
0
0
0
0
0
0
0
10761550
0
0
4423211
0
1279534
0
