1223385
0
37877512
0
0
38373013
38394226
16981000
0
259653
38190038
11374106
4338734
1099732
7553656
6950822
3033549
5383029
16499389
8031579
38348106
0
0
0
0
2855734
5386776
38317693
0
10993616
5146571
0
399684
38405977
3160130
2622481
7753396
0
0
0
38403265
0
0
995026
10636466
0
38494172
24056
979676
0
2363238
0
0
9832364
0
0
2822603
0
38470896
0
864759
0
1262059
411219
886302
0
724415
0
993114
38497141
654650
1689786
38483994
0
38443610
0
477221
1030201
6644136
38242932
1762980
299386
0
23549863
3295880
0
38505199
4002054
0
0
4615067
0
8176002
0
0
0
4698376
0
0
0
3280809
2035400
38419669
5294397
17714654
416291
1297188
2845839
1522932
0
0
2111075
6388337
0
11066223
6285749
2971877
3124933
0
21946199
10679772
0
16176007
1016590
5236627
5444788
2185508
14316505
0
7854539
0
0
1506570
561436
12150260
2143530
38192248
38508271
0
29419066
38467380
0
29418989
29422740
0
11244331
29585183
6044725
0
0
0
1063528
0
38014157
5623496
23184511
38438043
38201016
23003393
32450707
30656389
0
38495024
11409639
3308540
38225918
22012579
500560
25823905
0
38355136
303442
0
10764625
4534120
0
37678503
2718902
709965
6208929
1738240
38223513
37642339
