3655807
4389243
2052742
5089873
13233883
1196984
4456398
10938900
7203030
5108841
339430
11322153
11684433
234403
2800024
3219402
26491381
8385130
6154169
16712098
2158377
819477
20025467
20115712
4092500
11243282
21019794
463119
7243241
22713916
8474428
26487538
9813437
37893089
26609164
25565279
144962
2565805
26893696
8358637
11080626
38141720
4395585
84167
109831
621425
24474709
2503352
4455477
670911
201172
603668
38324086
10542285
1668561
6791507
0
12806236
15295580
26107945
4237018
15630958
5601709
357446
2565906
26345045
6373486
1063174
5432649
25597751
2850990
811707
6746075
585296
0
18678875
2484241
9121034
20337494
542409
570461
1486624
0
0
575582
11337522
207887
1443621
4244642
1090902
0
38445204
0
38432944
6493501
520235
38247864
143776
0
11251046
0
0
22060798
3792268
0
2150916
0
1502303
2585813
0
37669664
4025065
1447047
2381760
8605184
14455
22364439
38416746
14732
12237312
20459546
0
38038115
436742
868656
0
0
0
21501158
0
5181997
38136244
37745
37830428
19478296
0
0
3227012
0
2413244
0
0
0
0
4388534
0
7352390
0
37264415
0
0
4010389
38455263
1596489
0
0
48572
1624326
1460641
4683329
438186
0
3189994
3301302
567523
0
38356753
3001474
4167426
1196813
757569
2093392
566345
11438454
0
38432500
785151
1955162
2353224
0
38513054
38481853
1121288
0
2467662
264716
11313079
0
0
0
38317693
0
0
2429923
141439
38298624
7856074
4926672
5778666
106555
