0
4245270
988679
8259139
0
0
0
0
0
5149604
0
0
21148406
4164771
38278479
0
0
0
23547449
4726587
0
21946630
0
0
3636769
513537
0
10290155
6655092
18894522
0
0
567522
38056059
4396824
0
0
359686
501020
38483290
0
0
4270641
38172835
2715719
18904023
60585
25639601
38434926
2301530
7921087
5730798
39462
8385567
65947
2616854
1955013
94968
0
3319766
0
0
6182266
0
4540512
0
435181
26889625
18891230
0
0
4231152
1292407
11161930
6382058
38085569
2103110
0
0
5546003
2293550
5756676
293823
18912336
3481971
0
0
23016146
2396734
3280724
37926810
38503642
1132770
18849999
37760440
0
22127612
38494626
1141579
0
0
0
0
0
292520
98097
0
0
1523813
0
7971775
0
0
3442703
0
16699070
4163971
0
0
2129460
10665682
2377327
3087415
320356
0
0
0
0
1569379
38261451
5442645
15454897
2580127
4503637
104782
0
0
808601
38440605
2727569
0
445306
0
2562254
0
3262633
0
2150007
574071
38095797
782310
38053251
0
2012969
685420
2588593
1231526
0
0
2387483
0
5667920
0
5550395
0
0
6020344
0
1535167
0
0
12163153
19426402
5416220
18935716
1302328
38470839
30696790
0
0
0
2303743
1037253
0
12108963
0
719906
864759
0
0
650636
0
0
0
38318802
0
0
2695489
0
0
