20101041
0
104487
0
3632766
5819537
2730166
3623869
0
0
2289700
0
0
0
0
1989694
0
0
786849
232369
37161601
0
8517201
2354380
7375252
0
4096199
1098815
1336077
396198
3358243
1693949
0
2162204
0
17895503
38390061
7903693
38450814
11102159
38287764
1908309
38032256
222250
1664485
0
441957
0
8953930
11313079
0
946155
38207683
1727292
0
38083981
735831
0
16069374
8071968
0
1189862
4995521
3299558
0
38259533
4336756
23661782
5756676
342110
0
0
804599
0
38288924
4685718
0
0
0
1019659
573931
38498362
26710171
2452852
1930076
2236099
38193906
4571535
0
0
38310799
0
37395980
7166456
38512204
3834404
38436644
2671228
38407234
0
0
0
0
2184817
1810017
38502225
0
37878407
4465396
0
4077865
15414465
38482773
454906
0
916763
37295914
38458463
0
0
0
8022382
0
2488616
0
3149948
2088830
37234517
38501206
38243186
1863002
0
38298497
0
964860
38475199
0
0
0
0
38480679
6819606
3921171
25470780
3855661
38404607
0
0
38466978
0
2005822
5501026
18435
320356
1928517
38468880
38511510
619281
38374820
37543003
1507497
7763308
38202867
1088946
0
1158900
15413931
38090476
500560
38373453
37780708
0
0
7564700
684530
6632613
0
0
2615154
0
0
26340177
23508111
10850890
22554360
38055406
1959397
0
0
1232177
0
38419750
38472619
37353348
38313738
31537629
160125
462982
38221727
38516036
