0
0
0
5039912
4223557
25307689
0
38417115
5788479
0
2549274
0
9413357
0
0
0
3873583
1681219
24802181
0
0
17048537
0
2267343
0
164287
1394947
43740
7790536
0
0
38008496
3204052
6510832
3748220
0
0
0
38058949
1590651
0
37720610
3668657
0
4686235
0
1467887
396758
4284979
355488
0
6308190
52165
268882
38502885
37555986
0
3782696
1802293
9566488
0
38411440
0
1831628
6637916
0
0
1928517
724130
11516983
0
98097
3134687
1005443
28622846
0
0
0
0
249078
5359304
0
2909562
38458889
0
37990839
38001451
0
0
705945
0
0
341063
10622946
480985
38424282
9639867
0
10570527
931235
4459434
3607119
0
518931
38419084
3305022
38332977
402763
1582139
6308916
0
6118294
10486848
2785850
4586118
2725186
4736044
3782544
830305
0
38489032
0
0
409042
38286952
0
6147144
2160265
4317584
9939226
6897445
1074787
26050618
690413
38403108
38440605
0
0
4243101
0
1971177
38378674
867243
0
0
0
931493
0
3217520
38317693
0
2394831
4771315
488846
0
4152726
38369597
11177972
0
193081
0
0
0
964272
8852875
0
38212641
3026351
0
5210186
651979
0
0
1054997
1942939
0
3732308
38324135
0
38281538
0
38503880
11011293
2869588
38021634
622710
7912615
0
2834448
1178353
38512607
0
5277423
3500399
20702907
815177
0
4221889
0
15159503
