38497141
229529
11608052
38514351
3876322
0
38468460
0
4849813
38308983
38465513
0
0
4478695
90321
7362584
836181
29774306
38047882
1862751
0
1599110
2717456
0
0
0
38276733
0
0
2365928
0
38123908
0
0
38133066
2195753
38499206
1761908
0
2347327
669959
0
38510360
0
3985214
5521469
1639681
37692787
2686973
0
38110399
12074894
38452299
38153669
0
0
2276805
0
0
2242441
37666934
459966
171199
13287536
0
0
5497505
38462246
0
1994300
0
0
6262098
2653070
38285967
37842867
38504377
0
0
1869750
1142754
2971320
0
28586723
26215110
24405975
6802950
0
13505867
38202643
37732236
0
0
1749100
6879357
24771441
531560
38425380
0
38340994
0
239513
1483776
0
5369036
13645582
0
4289906
24790556
21818585
38510579
-1
