276209
0
135794
309230
11988110
9084357
8827829
6197132
5778477
803945
432003
2128985
3655807
4708716
4428117
87544
16571725
22183672
7710379
20149995
2325584
1070620
3974205
4365708
1411387
189046
9813662
10911606
38034968
23024958
3554657
3008835
10694930
38059066
19837433
0
9769606
4174827
1979652
8364823
1881491
277873
18435
4831960
1450133
23518
697189
2016980
6268608
23492047
6844061
11995918
24712867
708790
2472829
1041102
2426088
1641608
23886395
142784
1656914
680073
1241965
2573422
25407989
0
1159338
111239
0
38514171
35059
3414849
26869334
14596700
38102239
600490
805043
1732639
478400
2497788
14380
4042411
597063
3185055
0
4125766
26194086
198297
13134517
16497346
38503796
38503752
2218052
17446132
16232381
25817971
19734232
38474113
11718381
1116617
7932846
7504178
4345519
23395940
4502982
14201950
25448387
1024615
1220677
2034893
0
2989503
0
6866609
3200483
0
119115
1442435
6454777
37739673
8313879
38225869
15619835
0
4622319
0
7869000
1739233
0
9503024
5492455
0
4544624
14306
21572458
0
173223
23189793
12514722
38224036
6503941
0
0
2571492
3705746
14227760
0
4199162
8853774
7418632
554819
1886492
2586895
19810129
0
12664371
7019938
38497627
326468
828569
1961900
5619253
4284934
8336698
38511704
38447024
38311253
1449685
11979660
2412560
5417924
0
0
37195943
7522061
5409829
90817
2122067
0
5231949
15193686
3058115
11088764
25332413
38515063
10436593
0
888218
8523482
0
38367454
18540390
13093334
20443567
9987072
2225574
0
0
6097658
3374831
