2923870
1865110
2984164
1458169
1761908
6600550
6614262
4696643
8712233
1953433
2631974
763300
1970729
38427385
7212859
1812331
12491347
6648724
16815995
6299169
18460595
1381124
6680932
12671520
6771366
0
135532
1871157
17963101
12018184
4017666
10479236
38377869
19955260
18652656
24621109
13278959
8497369
164287
6229377
3211577
25010554
912989
2007078
38269585
1308969
7323164
9132139
6919821
2267626
0
0
2786671
586485
0
3496976
0
10467837
2960091
10528869
2400279
140912
0
1947433
4073894
2914293
4959698
186459
0
982878
0
20114227
0
0
2603005
1572660
0
0
0
131337
5339106
38353854
0
6056538
0
825711
8178373
0
37553347
13293515
0
0
549302
1249545
1132366
1557609
20169920
5684826
4535475
0
10136718
0
38509906
38361809
4087945
0
5640913
38510360
4815809
0
0
38405040
664533
4471988
0
38422881
0
0
0
0
18927500
1705797
0
1855174
2492108
797010
1667299
38307728
307670
1305758
0
0
366936
3751923
0
1953143
0
0
58424
0
0
367344
38437027
0
0
3431342
2878599
0
0
0
0
0
3556516
4010083
658975
0
38507789
1434854
37991349
20749
794824
137223
9253456
0
0
0
8525719
0
824439
38038738
2218659
0
921903
0
0
887678
0
0
38497764
0
4650404
22156325
2010785
2119784
38398450
0
2060948
2067840
0
23969631
38224373
0
0
0
0
0
9934653
6659912
0
311949
