0
427265
3548041
706035
1323434
0
22956425
1200320
19208663
0
955789
11195543
38434926
38210268
9928486
19230060
0
0
20382929
20006467
0
0
0
7091441
6705917
0
5808534
2286218
0
38142720
308591
8026981
0
0
12017628
2942284
5267276
850786
5263676
0
10968816
6117758
2664888
31493178
0
0
11639320
0
0
11730478
13194931
0
284439
4250565
0
0
0
734726
0
5021442
0
0
0
16683338
835161
0
26706749
160973
1102885
4870111
6682888
2602922
38489048
1779660
496786
3971644
38405319
5784983
3565465
28161548
28091105
14451847
11726735
38454926
38270418
3335545
28111057
8385567
0
0
0
2614752
0
37940406
872539
342313
4996000
38372583
38448090
0
37937825
38336826
37903285
6949412
21610996
5254624
23025476
10982494
3186812
38225694
60287
17849206
0
0
9613297
8867436
11883456
0
38074610
38444927
8113423
0
5919824
0
26693409
23497681
1080864
0
4775472
26953997
632556
14311546
37390456
3441360
0
27267556
667299
0
2912302
38410160
3998636
12655783
38317693
27005148
38413086
3253658
0
5153169
1577038
2940896
24858771
0
3860172
24096757
4021254
717221
1387848
38373153
5638011
13391216
12591490
0
416410
0
2153436
699777
0
0
38512642
0
242494
11142336
6159021
97324
28169604
0
628209
571282
38512607
0
37606647
0
38395785
3182630
0
0
14884576
1402256
0
0
3887185
4062822
0
0
473628
2696134
12326082
0
2844075
38055445
