38342122
0
0
4020885
0
1605650
1062453
0
0
0
4015677
38307912
0
38434821
0
1661365
0
414587
0
0
2655978
0
0
12878078
0
2035911
6524450
0
0
0
0
0
21563226
0
0
37502588
0
0
417004
3973735
0
3401358
2577485
0
153865
0
0
20421317
0
2126639
0
8290484
0
3198364
12946984
2114734
1182624
7923039
38483329
0
0
22179175
38503880
2147348
0
6844083
38475788
1392179
38503566
5028993
0
0
38511192
0
5281762
0
4937015
0
0
9169331
38406526
6494753
0
5263305
0
0
37713080
0
0
38378674
0
1356009
0
2079124
4369500
38306865
0
0
11856209
0
2582455
0
3785553
0
5065473
0
0
0
3050463
2834448
0
0
0
4825417
0
37886866
0
0
0
0
0
0
22990118
1709304
0
0
0
2224476
1989449
0
982629
0
0
0
38470418
0
0
38506894
5725237
38020421
0
0
38425114
10457020
38370903
0
2341860
0
38514351
164162
0
23956348
0
98097
0
38315374
0
0
0
38317717
38327659
0
38232461
14856015
5547548
135173
38460114
0
0
0
28868094
0
0
0
1330771
38485426
37986165
38455645
8848257
0
0
0
0
38175189
4317862
0
0
37658736
5543128
0
0
38133403
0
279795
0
4567761
38403108
4833601
38497694
0
