2834711
38335786
10120696
2852476
7932846
1402266
182267
635754
7125374
0
38147357
0
1372684
223113
5141824
4534469
1503970
9089624
4926672
380867
11194952
0
37941098
3587368
5772535
3293979
7866482
5691806
9570902
0
0
1446926
488980
465323
0
24551625
332693
1292475
7492166
6638088
38425159
27862732
82066
1894222
2089932
124704
12001960
264628
0
0
0
0
13287715
2483157
0
38475551
4405541
10228551
2131695
12713486
37827015
0
2591374
288945
7772770
4159377
0
615096
601654
70348
0
0
540199
2051891
91523
353415
0
4296993
0
37512276
57162
0
0
38379501
13567065
20340967
17819056
1968144
0
38232379
8769389
1791762
0
0
10198647
1124329
1745911
0
38239492
16702991
0
2129505
8694242
3115331
898663
0
1081440
559334
38350313
23973437
3748888
3131138
1202450
7020829
18172995
0
0
27665
2022328
0
0
7944927
28184609
1147656
0
0
0
462558
445120
0
0
0
2521170
2852329
0
0
0
0
0
1556955
3333459
0
38503829
18646182
0
27383489
5172140
2825618
621425
2909994
1778886
0
1042782
0
9945948
658430
0
0
0
0
38030580
0
0
0
7061530
0
0
3321861
0
4500676
26546384
4943789
0
10463348
1529916
0
4190445
8473439
60781
0
0
0
3870056
5714586
0
0
1641429
38324515
17240829
1672052
2248271
2224593
0
38448505
1854181
0
0
10061719
0
3593883
