0
0
0
5721995
0
0
10632094
2282689
15993469
0
38460884
4093988
0
0
21372997
2653437
2136115
38458242
4227297
21031539
1423600
0
0
38323295
0
0
0
0
38479574
0
0
0
38416119
2684261
11760322
38494537
1607487
0
0
0
0
0
14271419
0
2642256
4439121
13645582
1674809
353122
21108909
37872453
0
38303396
0
0
38513907
0
8078839
38481136
0
0
0
38396851
0
38485426
0
0
0
0
0
24324775
9915395
38065110
7515279
174742
772551
3772926
0
0
0
0
0
4388083
3091256
2956968
0
3256130
0
38373420
0
0
38430904
0
0
0
0
0
29573212
462596
0
5330193
0
10782263
0
1167569
588905
9526671
37620080
19050461
0
38315438
90321
0
610206
0
0
7537966
0
0
0
8842676
0
0
12511735
332667
38480369
931235
38350832
4483680
1759317
3293979
38492312
37674865
8520047
38384285
960494
38290327
0
803945
8172556
38448090
599759
0
85728
9608716
223383
0
0
38132155
1401982
1425320
0
223533
4167619
0
0
8381376
244386
38438179
38416438
23015731
38390061
0
0
4875125
27205208
0
25100076
0
32548510
0
6598915
27205579
628072
0
6304183
7569043
2336696
9145024
1524149
0
0
0
10745548
0
38497627
27229692
0
0
2440670
1203999
5133144
0
38030629
0
5041815
0
38404629
5481254
0
