1721915
0
7344473
3008835
20254796
319150
1741417
3486885
11316805
455987
38296262
10711030
7872930
70174
358069
20504221
2946082
5133503
23518
702698
17950838
23454257
11328988
26405267
13380776
1075946
12204118
3649660
9738179
1508935
1240102
2911001
5135168
37209
0
18413952
135532
37946589
1522242
38427963
22937584
11858580
3362913
0
361798
18712545
37690328
0
2398717
29583009
3562510
234403
0
0
4950734
7325605
0
1380196
4645710
1729506
0
1023908
4490256
0
439055
5579339
5319271
4317604
95027
0
2754568
12535221
0
3337216
8689404
0
0
587862
2893103
2619774
0
0
17840208
38355369
0
2283811
0
11344749
0
0
0
5282147
0
4251918
15010746
0
15538230
6176969
38342122
0
723651
38309193
37972162
0
694046
0
390612
12051860
7045270
7399282
6469168
0
244784
4054549
6771706
18448921
0
13225444
10088761
2707137
0
2222034
0
10925931
0
0
0
0
0
8941791
12376492
8668971
0
0
10235582
197466
0
11855602
3350832
20267473
0
1668110
24137500
0
16419981
2072224
14187353
0
38297544
5946590
0
0
0
0
0
0
6102476
0
0
42475
5740028
38249737
0
0
0
0
38458076
13278959
0
6928127
23114552
6265186
0
0
9051129
1520079
0
1119502
0
0
3262628
0
0
38471092
7394164
0
13034280
0
0
0
0
0
1990095
4644821
0
0
0
37383182
0
4718280
