0
0
4315871
0
38312728
2201331
3748704
0
0
38476850
0
0
2061357
2587655
0
0
0
0
0
0
2410427
0
38414128
11738394
0
1335181
5200342
0
0
0
0
9232958
38505199
5383134
5152046
0
3480246
0
4468955
2994910
0
0
3067843
0
0
22275354
7513730
10192266
5612956
0
0
1011372
0
2997185
0
38344874
0
37346425
37878658
38271989
5748435
38194343
5324678
0
38462502
0
0
0
0
0
0
2087250
1329534
3418142
38274632
38197670
0
0
0
637884
23151311
898663
9182841
38473544
306342
0
7079927
3785506
5397657
0
4514904
8775982
24346204
23787167
0
0
0
852096
0
889214
0
9173089
3380168
5081937
6602099
38516036
12370700
468012
0
7629300
1976969
7554050
0
2722247
5357723
0
8052942
22400616
7611003
7240522
10078751
5273942
4316308
0
1914876
3278675
0
1253072
0
0
38301018
3452714
1805012
0
38507237
1313767
0
0
134051
0
0
27274643
2397251
0
17662271
38145912
38079713
9383187
37198642
0
38110903
32448197
29329517
38281090
23805969
37806311
0
37591419
38351925
2340932
1878017
0
37718701
38008467
37577049
0
87021
38312756
37977881
38262449
3641943
7255007
38105379
334515
0
0
38238663
0
38439156
38199767
38408534
