309230
1344539
18435
7590989
142784
1881491
3630959
6070634
103318
5879743
3810820
38496698
8838328
1660174
22373
369463
5788983
37842552
2412560
55240
1019800
12558921
12510297
234403
3943533
187187
1544708
2138323
205452
5208557
11602672
198297
1255052
1337526
478223
10433166
1154617
2501250
38245306
38302216
251052
1812351
38461135
248204
744201
38515345
8409143
224479
757802
18381126
615602
68298
0
7173487
3602013
0
0
38264726
11333981
38384742
5887933
1012460
38489246
38427385
402543
853654
5452099
827530
8166707
3860188
18072083
676454
12963481
38199141
10597
1994895
3715833
38337050
38143508
7992883
861512
38456716
407369
1525438
38444927
476175
380670
193377
38511704
1052529
1755489
888218
6105982
1616731
38114088
1949798
18289661
38442920
0
1695629
0
37741701
666786
11145735
0
10911606
3514461
0
389969
4862798
0
38479458
597868
93866
0
0
3948463
0
38163403
2324133
1063498
38515063
17208
4104798
2725186
10960256
7144980
706255
462982
0
1257736
2593712
6229711
3157736
0
38413968
0
1157799
1203555
3299973
3495445
18263686
4202484
7477676
5715209
0
0
4924534
2344813
10818592
20112240
0
0
353098
1087088
6817269
4628241
38512289
0
4883466
81441
798134
12730074
316471
37847662
0
497543
14973023
1240102
5195642
10600436
652122
0
3363220
0
0
2172273
0
0
1343526
3307415
0
38039599
0
6914167
2922672
828569
8172839
0
2569270
512894
38470188
11109563
464754
0
0
0
1044747
0
0
