0
468751
30487825
6426746
0
24687435
1269149
0
0
0
0
0
6223731
1926460
0
3258344
5515528
0
0
7302261
0
9419843
18231776
0
0
11678075
0
1584307
1511079
38072279
0
0
337754
9171798
15395894
604473
3919190
2503317
8321240
37904031
38222546
0
1149634
891542
38338515
38492394
0
643324
0
0
0
0
28409254
0
264716
0
0
26730
26401103
0
463119
3495950
1226638
0
22587
0
38451495
37621449
232703
0
5110322
0
4418953
7555669
3723750
524396
2256413
398969
0
132805
1878017
141076
0
802227
0
2624733
38349213
0
0
616289
2413950
790686
7346489
28403748
0
38320997
13297068
51998
0
3641613
22051174
0
38482838
28443023
767459
0
17273469
6548269
38503837
918424
3021710
709142
1632450
5234446
0
27680952
154634
0
4993006
38433147
1095538
11300532
0
0
38471007
38308087
1501816
28349186
0
0
0
28491253
789085
0
16612726
1398099
179564
14963169
3501413
38004629
682553
0
0
23871056
12394063
2143054
2408830
0
0
0
2443815
25019974
684530
891281
8702668
4145225
9739392
0
28039780
37622879
1328423
2549717
4364217
0
10371450
550227
456468
6842015
38488668
9916970
2715719
3587630
1813646
3347436
23160867
427625
0
1996778
4490077
916228
407999
2448221
2103799
8422070
0
0
3136349
7311576
38479571
0
0
38182645
3033697
0
1924128
0
0
525046
0
0
