2342052
913003
352012
1095720
3638330
9070338
9753519
366930
2718902
175808
9694126
10569949
3259427
3089810
8843190
179080
521103
5230193
10745826
12779801
8756303
12905478
14509992
38515992
9836638
5368529
1783964
15107
12745434
12725305
11474089
763392
4480982
13375006
1726660
10123540
5032350
241639
2389167
4468914
14891579
3639411
4383594
926866
6977426
12047296
5452685
15101333
6177559
17239861
7304202
1697166
4405541
917849
4249641
588144
14071241
2129715
11625134
6649173
4598426
772295
1268006
7221685
16938634
1392557
1015086
38017087
9130421
11690748
6609256
2914851
9263361
2029442
19029
7998025
4736670
10429628
4089148
7389401
7998651
9142246
1336658
1095375
1701741
13783844
1796983
2896973
1745109
16552920
16844881
5348485
6423532
727146
694265
0
0
5158382
3810820
37990304
632481
0
5531674
1390693
0
14756742
0
6456982
21460760
4685718
0
0
2696234
0
12275386
12293475
0
239865
6832950
2693137
2421440
0
0
280371
0
2693301
6168572
38368834
0
1610570
0
8336320
0
1297388
37788277
7124544
4574359
3338142
11007928
37953101
5987394
0
0
0
0
3251991
38392396
6009123
5871610
520173
0
0
7899833
0
0
1511079
0
0
2747123
38349213
38370816
1195774
16194948
0
0
2804169
0
0
733074
691365
0
0
0
0
2363238
2103132
9344821
58450
1912482
12482923
98097
808874
38494975
0
1952305
1729015
0
0
0
38189832
0
1509533
467971
2804858
0
1769118
10384081
2951992
6591810
311559
