0
1564601
4603251
0
682802
0
2506341
38431724
6418174
0
0
0
7609259
5723510
0
938723
1652958
0
37982291
4248187
359540
0
0
0
1262059
0
644924
3807880
0
548120
0
1590023
4153989
0
0
0
0
38361809
7456441
0
896056
0
0
0
0
0
0
0
0
0
0
0
0
0
0
1340482
38470839
2061944
0
0
0
38505664
8018434
0
2728749
5650130
24529975
2648516
0
3103351
3121519
438127
1278002
2438388
2510405
0
38052703
0
0
0
0
0
2250305
3691406
0
0
0
684367
0
0
0
3725896
0
4542101
5929559
0
6044185
2002477
0
5974626
1114047
4007254
0
0
183782
1195371
7733959
1454922
0
38139429
1569373
0
0
1018982
8136188
1728977
0
0
0
0
1415702
4610586
433045
284754
3349898
0
232001
0
0
0
2438118
248945
0
0
0
0
0
0
0
38348106
38213981
0
1197404
38506373
477221
0
5742534
0
0
0
8490952
0
0
10533714
38475788
685196
0
38439069
1060085
0
38203376
0
1882833
5812362
38308834
0
0
2568624
1005443
0
0
3462801
542430
3904248
2296044
0
0
0
1658121
0
875079
0
0
2808077
13191836
2169865
0
4469185
0
0
0
1993713
0
2891320
0
11324131
2051275
1727924
11619348
7886988
