0
38430126
14596700
4786859
6123505
0
9191771
0
2600067
0
5210972
38174466
0
0
0
3163284
20339426
0
0
0
13483863
11021198
9505800
30082683
140479
2267035
0
38470332
38350777
0
37852975
38139202
0
0
38238152
37838067
38450272
0
0
9788647
0
1680435
13898598
6983485
2636174
0
8090388
0
0
29201346
0
38096203
5421158
19075903
0
6664987
31518389
25494331
7553676
38257125
0
38154964
38371194
0
0
38499968
11478696
38457128
9585738
515878
17350072
0
37506771
0
0
38469851
38451708
0
1271250
0
0
7856871
0
38502747
38131585
32091293
38465382
0
526371
37534903
38355136
131452
