320999
8488837
4857316
5964033
0
2784185
3963650
18808251
9439942
1140060
1814914
3596998
3432503
38084471
12931168
124912
38395904
189048
13683793
398450
0
1809069
16100869
681764
4454384
1185101
2380346
0
1137301
3215750
37542384
0
2681625
0
0
38363559
80566
958196
0
3112548
802577
0
22003
4124663
321832
12615
1788865
1059311
11245924
0
38020865
1356939
429077
2820789
38259804
0
2574158
3134762
0
262862
4204466
0
9497536
1641381
1273720
3077419
0
0
4159569
0
38406861
4150616
1600098
545890
226214
275070
2031865
7131557
0
8097863
0
1963581
2210844
291177
1829982
0
1876656
839266
0
2264357
6820686
395510
16548453
4094393
6063371
0
38208325
0
0
0
0
692706
772816
2378534
2159969
0
0
1192862
0
10507468
545139
623815
0
1683999
37876759
0
38138402
4680158
2361253
0
0
0
3049286
634305
38133569
0
2696876
1094430
0
3223596
38276462
1391236
12299659
671453
0
0
0
1399776
6294572
5127881
38041689
38511225
0
1119144
0
0
0
3431270
365193
38409850
37749424
0
0
3479850
7998651
6096639
1047926
0
2741118
37985507
1859467
38309320
0
0
4910922
198151
38231661
889214
1854656
8903251
0
19343046
2467478
0
374803
0
0
349836
1676835
0
0
38463356
1010281
3833290
4780478
9898884
38204315
1736641
5195861
2958279
0
0
2410981
37908114
378170
0
4892885
1904314
38505269
1878017
