0
2776315
5479695
37972162
0
38201760
0
6897445
2805044
0
22497690
3618545
38301630
38360140
4067589
3172492
0
38279740
0
6744254
0
3688871
5362185
0
38343998
38279873
3058808
38113034
9516615
1288337
0
5546007
0
641161
2067548
38021055
0
0
1361085
0
1512608
0
3951922
38073864
0
37823608
5298364
3476999
0
0
3675760
2281561
4148342
0
2084725
11992665
38495742
38370708
13232578
1125989
2602846
0
3568907
3640405
38506088
38271911
38445299
0
8330989
38394074
523471
0
3430343
38427642
0
0
4825652
0
0
29671076
0
0
38427743
0
0
37806373
0
0
0
38499627
38069841
0
1649470
0
38469306
1424590
6327474
9941958
0
1157940
10235623
38495311
0
38384011
0
38276825
0
38458735
0
38039524
0
3385033
0
0
1547417
0
0
0
0
0
38434210
3691210
38207853
0
37209724
12064890
0
0
15217172
0
0
2811999
0
0
0
0
38386667
38494072
0
3667560
1693012
0
38452959
0
0
5166416
0
38316676
0
2908796
0
0
38468299
3961061
24205334
38511433
38175582
0
13679273
0
0
0
0
5186288
0
0
10962573
0
0
13131238
0
38432754
0
4093659
2095377
1888890
38272208
38487817
4049061
0
38434872
38460576
3225108
20519140
38086039
26252833
521400
38460278
5017871
14222069
0
0
38110651
0
0
0
38289846
5547424
0
38425380
