2926323
3075976
0
809232
3879962
38140560
0
0
0
0
0
0
4749742
0
0
0
4513983
2848944
0
25108967
3580255
4095077
0
1648835
38414658
2203713
1502998
0
0
917625
0
0
3044894
1227448
38136280
0
0
0
0
1023054
6617555
38441792
3041233
1587050
1927423
2079773
2424824
0
5449065
37975189
0
0
5262446
19718390
26527353
400265
0
0
38454351
0
1505284
38498955
3129369
37083344
0
38503390
0
0
1555306
2144235
0
3095366
0
1445982
7650880
1623328
0
3832388
38408358
12659305
0
490420
4478695
0
38197927
5297434
4021026
0
5361693
0
38104245
1361085
275903
326672
0
38434988
6997824
1434854
0
0
38334060
13935608
1581952
3556516
0
38436120
38448702
20078536
0
1724027
0
2920754
0
12376492
3780004
0
2129642
0
0
2723731
0
4994235
0
0
3482556
2251061
38499296
0
4035698
0
4603064
0
0
0
5547154
38497754
38495478
0
0
0
0
0
4019942
0
0
0
4081624
38479574
575713
38489588
1066670
5463476
0
0
0
38220689
6766494
10705183
0
38391644
6378983
7301043
1021707
15526947
4078888
0
0
38400921
0
37847348
38403265
628323
0
3547507
2493972
8540389
0
3195966
2769952
38295964
0
0
38439995
603975
25351272
4754036
0
3859316
233473
1766290
0
2829932
149649
0
5497917
3031197
0
0
1607710
4706803
