22113810
0
0
0
2672885
0
38490028
0
0
38462246
0
38160584
0
0
38465159
38507154
0
658399
0
0
38391644
0
0
3172746
7795165
38489777
37824553
0
0
38285779
0
0
2373032
2669374
17755452
0
0
13355735
6049892
3963158
8771773
0
0
0
0
11900675
37901490
0
2378521
38513907
6622322
0
38397837
0
2458315
0
0
0
38502225
6390590
38378199
0
0
0
0
0
0
0
13310523
34426988
0
38044745
38445154
6014934
4571715
1255727
38503101
1759115
2257761
1130414
38291699
3963210
0
0
0
0
2362585
2155612
4215889
5936237
0
5025484
0
1902071
5475020
37688945
22950406
0
9709182
0
2676043
0
37420805
37813142
0
6281232
5882959
38501837
0
0
38176509
38367454
0
896854
0
38275555
320780
0
8087390
7112548
0
38494960
0
0
38444977
0
38387905
0
862316
1404400
17601585
0
0
0
765782
38508858
0
5962044
3571399
0
0
37650279
0
6350886
38414636
2048652
302967
0
6946599
38159227
0
0
38371613
0
10513744
5622384
38234570
3956313
1586874
7547453
0
0
0
0
7327416
7462941
1604324
0
10433166
19462836
38122988
37409517
367392
38031841
4702737
0
38431392
38337612
6752553
38233647
1558280
38420214
4742316
0
0
0
2227956
38390091
38513241
38334987
5778905
0
26712745
38445488
29139008
37963067
6666119
1139973
0
0
