0
37926810
38432945
0
38149378
0
0
0
0
0
0
37502144
38443093
0
0
0
4897520
38357390
0
0
0
38439995
38093415
0
0
0
10592522
3197940
38516036
0
0
1750380
0
38491199
38506133
0
0
0
38098254
0
38475216
37900330
508059
9369758
0
1084338
0
0
38394402
13188666
2550007
16461293
34321037
38487441
0
0
37468344
5270071
0
0
38508068
477139
38397439
0
0
845389
8435523
118219
37312484
9174948
0
38132193
38117180
15553880
0
878935
7174166
0
0
0
2440670
2843680
38220498
37444938
0
0
0
38440325
0
20006467
971134
38392063
0
0
0
10167636
0
0
0
38284728
0
38494644
0
0
1687666
3214511
308540
1311767
0
0
21483145
38510965
0
260099
37452689
8473054
31596104
0
23538077
27549636
7787366
0
0
38131097
0
38436886
21477066
0
0
0
37957381
0
6590162
0
38332481
0
37315680
0
0
0
0
37758728
504642
9770935
0
1159338
37769323
38221631
15936155
11732632
0
0
0
0
25993907
0
0
0
37626866
0
0
37702671
37985114
37490882
38009646
0
0
38069661
38147591
38516024
38355776
38416046
38511645
38482999
38444754
5908037
