41114
671864
608378
3002257
7429289
226002
9779128
13227589
1421541
38509565
2840318
920516
3802444
3985841
2426109
14185706
11671597
1147890
4598868
18175424
38173801
964935
38507172
78549
12364835
8046271
10370603
922527
5691806
3668657
1634688
857610
6180414
12400825
3818146
5135868
0
10119386
332616
241333
8374673
2130153
12197785
23461
19068423
14892
8815074
1584282
10054430
38413568
25003
18556047
9295597
12476647
635710
1258426
3542994
0
4021155
4328379
18215248
59248
1157799
418066
0
3206193
0
1956910
792871
264703
532289
4653106
18112101
2582087
0
137882
0
0
0
10818592
0
0
3049988
0
3599252
693259
10517389
0
8763752
0
0
2943907
1405588
1648357
644648
0
17635
5883317
1410724
0
37644621
20863151
785511
2336352
0
0
535226
37323925
2922672
0
1791459
253236
8171037
808910
8265819
1157793
11826100
2412560
38110240
38512277
31906952
0
38493914
13012590
18075656
0
4930531
270076
3539344
38018273
38503091
0
20573611
5986178
6790410
10071527
828922
0
14951179
593688
0
38369708
4266351
6271357
38005596
0
3212522
1203986
2136082
5381588
0
1180975
0
0
0
4029405
2840259
14402295
0
1238785
1382782
0
38128493
685086
0
0
38287848
6429276
3884398
18605109
26858919
2380218
7930027
0
0
0
0
15215077
0
12876411
0
4663170
10977849
1862702
0
5137551
38428235
0
0
5884823
0
0
2050211
3617880
0
2007315
2335810
16496
14997816
0
