608378
1735691
920516
7515671
2700410
4735534
1684420
3947458
12082263
16062127
18329853
12521132
1170491
12505124
26683047
854229
24659028
97742
24004716
462698
39264
25675112
8782200
178969
632726
37968832
11386755
19429991
25702134
8219631
398450
2753554
27523950
24261902
21428152
25880071
4278752
7572120
2136972
37651844
0
24905118
3814364
7806460
1922334
2316625
10899872
4483531
5042849
4930977
24213598
360691
2033280
11070102
3347773
38158740
17973242
38451030
8474263
25859928
22756927
0
0
37350636
25818366
22862223
0
2114757
37677121
12344929
12213549
443794
25322614
2131695
4899126
38020865
0
8226012
0
0
0
7073927
8665886
1781454
750870
8044590
18689988
4029929
7098174
0
479913
5248471
944679
9011683
3249390
0
0
966414
2502793
1371433
75498
0
0
6079695
37512276
6459446
3588358
0
6307054
345465
0
0
0
0
0
1529414
0
15238630
0
0
24689696
2332982
0
7393846
15057708
58999
3885508
2159529
2701314
0
547029
2538398
6743184
1610205
0
0
0
2865896
0
0
27650025
0
0
0
0
0
3649710
7192091
38069788
4926672
5963985
2972779
0
0
0
0
27750697
1313016
0
2085575
0
3699172
4589129
12543723
0
5133779
26116960
0
2990954
2221369
23415447
0
4535646
0
4009098
0
3227136
0
458778
0
7490649
0
10210480
2997794
13093818
9267683
37824027
0
12676451
4514557
38320098
38124167
0
0
38030470
6699576
5624269
0
0
0
