0
0
38505293
38461315
0
3130080
16199454
38490231
0
2817532
2629346
637274
0
1709907
38406253
1935298
0
0
0
10163165
3515878
1160899
11711292
0
38314472
8172839
3488270
6575169
38381368
0
0
0
38503008
0
1040967
0
0
1240947
4389793
0
0
0
0
555196
38501811
1700321
8752123
0
38231136
9145024
0
2570393
0
1464590
37729404
0
0
0
10834642
0
4033581
0
0
0
38297836
0
38361836
16998777
451834
4575563
0
38503642
0
33228729
38201283
7944567
0
0
0
2072310
338770
0
0
376013
0
407720
4505098
4105161
0
0
5598338
37811662
0
3201928
3778762
0
0
13653
6194554
0
0
37340778
15927982
0
0
0
38442191
38177442
0
3128605
0
0
13148166
0
0
17411228
12510345
7345434
0
0
38324552
4883466
664447
12356483
0
0
0
10863725
3724991
856271
0
5627606
0
0
6617785
4161361
0
4166847
0
1497112
38286741
8206486
5297434
388142
0
4472419
38500225
38161642
0
0
20924391
9609177
0
37975490
3316822
38146624
0
3248774
0
38318543
0
7621370
8686458
10486953
981799
2574158
0
288979
0
38450275
0
38377824
0
0
0
0
7830002
0
300534
38478532
0
1191076
7984599
38321714
7791283
5399594
0
0
38281525
0
5247642
0
38107559
4441098
0
0
1869262
0
38197989
0
